Verification=passed file colums is as follows:
Row Number | Groupby | View Size | Measure Sums | Number of Chunks

       1 111101101110101 |          1000000 |           15708573191 |     0
       2 110011111110011 |          1000000 |           15707034621 |     0
       3 001111101101101 |          1000000 |           15697186757 |     0
       4 100100111111101 |          1000000 |           15712171642 |     0
       5 111100010111110 |          1000000 |           15699522364 |     0
       6 111011001110110 |          1000000 |           15692339797 |     0
       7 011110111111000 |          1000000 |           15722636084 |     0
       8 111101110011100 |          1000000 |           15709862510 |     0
       9 110111101110001 |          1000000 |           15708573191 |     0
      10 100111101011100 |          1000000 |           15709862510 |     0
      11 111110110100001 |          1000000 |           15694801067 |     0
      12 101011010110110 |          1000000 |           15708088627 |     0
      13 110110010111010 |          1000000 |           15699522364 |     0
      14 011101111100001 |          1000000 |           15705408906 |     0
      15 100010011111110 |          1000000 |           15688215123 |     0
      16 011001111100011 |          1000000 |           15694378477 |     0
      17 111111100010100 |           608685 |            9567946706 |     0
      18 110101000001111 |          1000000 |           15701704020 |     0
      19 000111000011111 |          1000000 |           15701627767 |     0
      20 010100110111100 |          1000000 |           15703785223 |     0
      21 101011110010001 |          1000000 |           15708573191 |     0
      22 101110000010111 |          1000000 |           15701333881 |     0
      23 110110101001100 |          1000000 |           15709345298 |     0
      24 011100001111100 |          1000000 |           15712575691 |     0
      25 101101001110100 |            35805 |             563617680 |     0
      26 001010101111100 |          1000000 |           15692206603 |     0
      27 110111100010010 |          1000000 |           15707034621 |     0
      28 101110010100001 |          1000000 |           15711024333 |     0
      29 010000110101110 |          1000000 |           15710534349 |     0
      30 111010011000010 |          1000000 |           15717651293 |     0
      31 111100000000111 |          1000000 |           15714824933 |     0
      32 010101101100001 |          1000000 |           15701702234 |     0
      33 100100100011110 |          1000000 |           15707249629 |     0
      34 000010001111110 |          1000000 |           15699900751 |     0
      35 011100010101010 |          1000000 |           15702416797 |     0
      36 010001101100101 |          1000000 |           15700387080 |     0
      37 011001111001000 |          1000000 |           15699311323 |     0
      38 110011100010001 |          1000000 |           15708573191 |     0
      39 011100100101010 |          1000000 |           15712016661 |     0
      40 011101000010110 |          1000000 |           15700573774 |     0
      41 110010011010100 |           608685 |            9554935800 |     0
      42 000100111101001 |          1000000 |           15692501357 |     0
      43 000100101101001 |          1000000 |           15692501357 |     0
      44 010000010101110 |          1000000 |           15703905209 |     0
      45 000100010111100 |          1000000 |           15691401073 |     0
      46 000101010100110 |          1000000 |           15698286436 |     0
      47 000110001011010 |          1000000 |           15706381639 |     0
      48 111100001000010 |          1000000 |           15706666671 |     0
      49 001100100111000 |          1000000 |           15711838819 |     0
      50 000101100100110 |          1000000 |           15704307942 |     0
      51 010110011000000 |            19635 |             308961085 |     0
      52 000001000110110 |           365893 |            5745013443 |     0
      53 100100011100000 |            19635 |             306434381 |     0
      54 101011000000001 |          1000000 |           15701755267 |     0
      55 100000010110010 |          1000000 |           15692799015 |     0
      56 100000000011011 |          1000000 |           15689067703 |     0
      57 001001100100010 |          1000000 |           15684839971 |     0
      58 001001011001000 |          1000000 |           15712000533 |     0
      59 011100010010000 |            55335 |             869873924 |     0
      60 101000000111000 |          1000000 |           15689137577 |     0
      61 000010010011000 |           409479 |            6421638879 |     0
      62 010010010001000 |          1000000 |           15703179551 |     0
      63 001001000011000 |          1000000 |           15708367528 |     0
      64 000001000000000 |               11 |                167773 |     0

Meaning of the log file colums is as follows:
Row Number | Groupby | View Size | Measure Sums | Number of Chunks
