Verification=passed file colums is as follows:
Row Number | Groupby | View Size | Measure Sums | Number of Chunks

       1 111101111110101 |          1000000 |           15708573191 |     0
       2 001111111101101 |          1000000 |           15697186757 |     0
       3 111001101110111 |          1000000 |           15707034621 |     0
       4 110111111110001 |          1000000 |           15708573191 |     0
       5 111000110111101 |          1000000 |           15726683213 |     0
       6 101100101111011 |          1000000 |           15712171642 |     0
       7 110011111010110 |          1000000 |           15707034621 |     0
       8 010111010011111 |          1000000 |           15712302321 |     0
       9 010111110101101 |          1000000 |           15698400586 |     0
      10 101010111111001 |          1000000 |           15712171642 |     0
      11 111011111010001 |          1000000 |           15708573191 |     0
      12 110011011110011 |          1000000 |           15708088627 |     0
      13 001011101101111 |          1000000 |           15697186757 |     0
      14 100000011111111 |          1000000 |           15688215123 |     0
      15 101101010001111 |          1000000 |           15704006222 |     0
      16 010111010101101 |          1000000 |           15691098202 |     0
      17 001111101001011 |          1000000 |           15697186757 |     0
      18 100110111011010 |          1000000 |           15712171642 |     0
      19 101101010110101 |          1000000 |           15710067007 |     0
      20 011011110001101 |          1000000 |           15699311323 |     0
      21 111011001011100 |          1000000 |           15713190537 |     0
      22 010110011100111 |          1000000 |           15697495820 |     0
      23 110011001110011 |          1000000 |           15692339797 |     0
      24 010111011101100 |          1000000 |           15691098202 |     0
      25 010110101100111 |          1000000 |           15694498269 |     0
      26 111010111100100 |           608685 |            9560472252 |     0
      27 101111110010010 |          1000000 |           15707034621 |     0
      28 011100000111110 |          1000000 |           15704251439 |     0
      29 000011011001111 |          1000000 |           15692571597 |     0
      30 011010011000111 |          1000000 |           15715779052 |     0
      31 011001111000110 |          1000000 |           15715844334 |     0
      32 010001111100101 |          1000000 |           15700387080 |     0
      33 110110011110000 |           608685 |            9554935800 |     0
      34 110010010111001 |          1000000 |           15699522364 |     0
      35 110101100010011 |          1000000 |           15707034621 |     0
      36 111110110000100 |            55335 |             871158078 |     0
      37 111000001101001 |          1000000 |           15679095427 |     0
      38 110010010000111 |          1000000 |           15717871116 |     0
      39 101001100110100 |           608685 |            9567946706 |     0
      40 011000010011011 |          1000000 |           15701391397 |     0
      41 001100111001010 |          1000000 |           15695066374 |     0
      42 000111100001011 |          1000000 |           15698049426 |     0
      43 001110001100011 |          1000000 |           15705739122 |     0
      44 101101000101000 |          1000000 |           15701704020 |     0
      45 011010001001100 |          1000000 |           15703476714 |     0
      46 011110001000100 |            35805 |             565258285 |     0
      47 000000110011011 |           565471 |            8875827908 |     0
      48 100010110001100 |          1000000 |           15708360075 |     0
      49 101000101000011 |          1000000 |           15692160602 |     0
      50 000001110100101 |          1000000 |           15700935182 |     0
      51 000000101101011 |          1000000 |           15711443342 |     0
      52 000001010010111 |          1000000 |           15704605421 |     0
      53 011110000100010 |          1000000 |           15699005381 |     0
      54 011000010101001 |          1000000 |           15702416797 |     0
      55 000001010100101 |          1000000 |           15710324409 |     0
      56 100000000101110 |          1000000 |           15699107505 |     0
      57 000011010011000 |          1000000 |           15709344132 |     0
      58 001101000000011 |          1000000 |           15699917140 |     0
      59 100000100110010 |          1000000 |           15712954319 |     0
      60 000010000101100 |           264957 |            4157721733 |     0
      61 100001000000110 |          1000000 |           15709374197 |     0
      62 100101010000000 |            19635 |             307895617 |     0
      63 010010101000000 |            19635 |             308534029 |     0
      64 000010000010000 |              651 |               9890547 |     0

Meaning of the log file colums is as follows:
Row Number | Groupby | View Size | Measure Sums | Number of Chunks
