Verification=passed file colums is as follows:
Row Number | Groupby | View Size | Measure Sums | Number of Chunks

       1 111111010111111 |          1000000 |           15692161761 |     0
       2 101111101011111 |          1000000 |           15709862510 |     0
       3 101111011011111 |          1000000 |           15692161761 |     0
       4 111011111110110 |          1000000 |           15707034621 |     0
       5 111111111010010 |          1000000 |           15707034621 |     0
       6 101110111111010 |          1000000 |           15712171642 |     0
       7 101100111111011 |          1000000 |           15712171642 |     0
       8 111101101010011 |          1000000 |           15707034621 |     0
       9 110101111010101 |          1000000 |           15708573191 |     0
      10 011111100101011 |          1000000 |           15699311323 |     0
      11 101101110110101 |          1000000 |           15708573191 |     0
      12 001011011101111 |          1000000 |           15712000533 |     0
      13 110001011010111 |          1000000 |           15708088627 |     0
      14 110100010111011 |          1000000 |           15699522364 |     0
      15 010101111100110 |          1000000 |           15682199167 |     0
      16 000111111001101 |          1000000 |           15698049426 |     0
      17 101001010110111 |          1000000 |           15708088627 |     0
      18 011110111000101 |          1000000 |           15717210251 |     0
      19 100100101111101 |          1000000 |           15712171642 |     0
      20 010011010101111 |          1000000 |           15703556237 |     0
      21 111011101010001 |          1000000 |           15708573191 |     0
      22 011101110101100 |          1000000 |           15699311323 |     0
      23 110001101010111 |          1000000 |           15707034621 |     0
      24 111101001010011 |          1000000 |           15692339797 |     0
      25 111111001010010 |          1000000 |           15692339797 |     0
      26 000011101001111 |          1000000 |           15703974382 |     0
      27 011010101000111 |          1000000 |           15709482926 |     0
      28 001111110000011 |          1000000 |           15684839971 |     0
      29 110000110011101 |          1000000 |           15707249629 |     0
      30 100100011011011 |          1000000 |           15688215123 |     0
      31 111110011000100 |           608685 |            9556466067 |     0
      32 001110001111010 |          1000000 |           15705141990 |     0
      33 100100101011011 |          1000000 |           15712171642 |     0
      34 101011010001101 |          1000000 |           15704006222 |     0
      35 100101110010101 |          1000000 |           15708573191 |     0
      36 110000111110010 |          1000000 |           15708715453 |     0
      37 001111001001011 |          1000000 |           15714441996 |     0
      38 011011001101100 |          1000000 |           15687224952 |     0
      39 100011100110011 |          1000000 |           15707034621 |     0
      40 100111100110001 |          1000000 |           15708573191 |     0
      41 010100111110100 |           608685 |            9556439014 |     0
      42 011111110100000 |            19635 |             309147080 |     0
      43 001011011100010 |          1000000 |           15701507232 |     0
      44 011000000111101 |          1000000 |           15704251439 |     0
      45 011100010011001 |          1000000 |           15701391397 |     0
      46 110010100100011 |          1000000 |           15702933788 |     0
      47 110110010000101 |          1000000 |           15690959144 |     0
      48 001111001101000 |          1000000 |           15714441996 |     0
      49 000110010100111 |          1000000 |           15690042711 |     0
      50 000010111101010 |          1000000 |           15719222072 |     0
      51 000010110111000 |          1000000 |           15698259274 |     0
      52 011101010000100 |           608685 |            9562800401 |     0
      53 101000101100100 |           608685 |            9560472252 |     0
      54 011000000011110 |          1000000 |           15713417575 |     0
      55 101101000110000 |            35805 |             563617680 |     0
      56 000000011101011 |          1000000 |           15693311755 |     0
      57 000001110100011 |           200651 |            3151290810 |     0
      58 001000001011101 |          1000000 |           15705141990 |     0
      59 000101010010101 |          1000000 |           15696994909 |     0
      60 010000110001001 |          1000000 |           15700775877 |     0
      61 110110001000000 |             1155 |              18018765 |     0
      62 100000010001001 |          1000000 |           15704132176 |     0
      63 001010000000001 |           112665 |            1778126480 |     0
      64 000100100100000 |             6545 |             102216140 |     0

Meaning of the log file colums is as follows:
Row Number | Groupby | View Size | Measure Sums | Number of Chunks
