Verification=passed file colums is as follows:
Row Number | Groupby | View Size | Measure Sums | Number of Chunks

       1 101111111011111 |          1000000 |           15709862510 |     0
       2 111111000111111 |          1000000 |           15713190537 |     0
       3 111101111010011 |          1000000 |           15707034621 |     0
       4 111111011010010 |          1000000 |           15708088627 |     0
       5 001111111001011 |          1000000 |           15697186757 |     0
       6 110001111010111 |          1000000 |           15707034621 |     0
       7 111101011010011 |          1000000 |           15708088627 |     0
       8 000011111001111 |          1000000 |           15703974382 |     0
       9 011010111000111 |          1000000 |           15709482926 |     0
      10 110100110011110 |          1000000 |           15707249629 |     0
      11 101111010001110 |          1000000 |           15704006222 |     0
      12 111101100010110 |          1000000 |           15707034621 |     0
      13 100100111011011 |          1000000 |           15712171642 |     0
      14 110101101010101 |          1000000 |           15708573191 |     0
      15 100100011111101 |          1000000 |           15688215123 |     0
      16 001111011001011 |          1000000 |           15712000533 |     0
      17 110110111010100 |           608685 |            9557371235 |     0
      18 111111100110000 |           608685 |            9567946706 |     0
      19 110111010100100 |           608685 |            9551720288 |     0
      20 101001111110000 |           608685 |            9567946706 |     0
      21 101000011011101 |          1000000 |           15688215123 |     0
      22 101000101011101 |          1000000 |           15712171642 |     0
      23 001111100001110 |          1000000 |           15697186757 |     0
      24 000111101001101 |          1000000 |           15698049426 |     0
      25 110101001010101 |          1000000 |           15707889039 |     0
      26 101001000110111 |          1000000 |           15692339797 |     0
      27 011110101000101 |          1000000 |           15717210251 |     0
      28 101011110011000 |          1000000 |           15709862510 |     0
      29 000111101101100 |          1000000 |           15698049426 |     0
      30 010011000101111 |          1000000 |           15697107255 |     0
      31 110111000001110 |          1000000 |           15701704020 |     0
      32 111010000100111 |          1000000 |           15721856882 |     0
      33 111101001100010 |          1000000 |           15707441839 |     0
      34 100010111011001 |          1000000 |           15712171642 |     0
      35 100100111000011 |          1000000 |           15692160602 |     0
      36 111000011000011 |          1000000 |           15717651293 |     0
      37 010101001100110 |          1000000 |           15695146747 |     0
      38 010100010011110 |          1000000 |           15690867670 |     0
      39 001011110101000 |          1000000 |           15697186757 |     0
      40 100110111000010 |          1000000 |           15692160602 |     0
      41 010100000111011 |          1000000 |           15701424387 |     0
      42 000111001001101 |          1000000 |           15700822350 |     0
      43 011010010011010 |          1000000 |           15701391397 |     0
      44 101010100011010 |          1000000 |           15707249629 |     0
      45 101110001000101 |          1000000 |           15696094676 |     0
      46 100010101011001 |          1000000 |           15712171642 |     0
      47 101010001111000 |          1000000 |           15709525189 |     0
      48 001000101101110 |          1000000 |           15695066374 |     0
      49 010011101100010 |          1000000 |           15702470125 |     0
      50 000011010010110 |          1000000 |           15698345754 |     0
      51 101010101000010 |          1000000 |           15692160602 |     0
      52 110001010000110 |          1000000 |           15694024973 |     0
      53 010011010101000 |          1000000 |           15703556237 |     0
      54 010110001010100 |            35805 |             563904726 |     0
      55 011001000101100 |          1000000 |           15687224952 |     0
      56 000010111100100 |           121737 |            1907622946 |     0
      57 011000000011100 |           120435 |            1888112797 |     0
      58 100100010001010 |          1000000 |           15704132176 |     0
      59 001000101001001 |          1000000 |           15695066374 |     0
      60 010001100000110 |          1000000 |           15688617269 |     0
      61 001001000110100 |            35805 |             563331037 |     0
      62 010010000010100 |             3255 |              51844579 |     0
      63 000100100001010 |          1000000 |           15696729421 |     0
      64 100100000010000 |             3255 |              51092570 |     0

Meaning of the log file colums is as follows:
Row Number | Groupby | View Size | Measure Sums | Number of Chunks
