Verification=passed file colums is as follows:
Row Number | Groupby | View Size | Measure Sums | Number of Chunks

       1 110111110011111 |          1000000 |           15709862510 |     0
       2 111011101110110 |          1000000 |           15707034621 |     0
       3 011111110101011 |          1000000 |           15699311323 |     0
       4 111001011110111 |          1000000 |           15708088627 |     0
       5 101100111011110 |          1000000 |           15712171642 |     0
       6 011101110001111 |          1000000 |           15699311323 |     0
       7 101110101111010 |          1000000 |           15712171642 |     0
       8 111001001110111 |          1000000 |           15692339797 |     0
       9 110011101110011 |          1000000 |           15707034621 |     0
      10 111011110110100 |           608685 |            9567946706 |     0
      11 100000101111111 |          1000000 |           15712171642 |     0
      12 111000010111101 |          1000000 |           15699522364 |     0
      13 110011011010110 |          1000000 |           15708088627 |     0
      14 010111100101101 |          1000000 |           15698400586 |     0
      15 111000110011011 |          1000000 |           15707249629 |     0
      16 101101100110101 |          1000000 |           15708573191 |     0
      17 101100101011110 |          1000000 |           15712171642 |     0
      18 001011001101111 |          1000000 |           15714441996 |     0
      19 100011110110011 |          1000000 |           15707034621 |     0
      20 100111110110001 |          1000000 |           15708573191 |     0
      21 111010110100011 |          1000000 |           15702933788 |     0
      22 111100110011001 |          1000000 |           15707249629 |     0
      23 101011000110110 |          1000000 |           15692339797 |     0
      24 001100001111011 |          1000000 |           15705141990 |     0
      25 010101101100110 |          1000000 |           15682199167 |     0
      26 110011001010110 |          1000000 |           15692339797 |     0
      27 100110011011010 |          1000000 |           15688215123 |     0
      28 100111010001011 |          1000000 |           15704006222 |     0
      29 110010100111001 |          1000000 |           15726683213 |     0
      30 100001110010111 |          1000000 |           15707034621 |     0
      31 100110001100111 |          1000000 |           15707091109 |     0
      32 011001011000110 |          1000000 |           15704395170 |     0
      33 001010110000111 |          1000000 |           15718249871 |     0
      34 001010001111001 |          1000000 |           15705141990 |     0
      35 001000011101110 |          1000000 |           15716158965 |     0
      36 010101100101100 |          1000000 |           15698400586 |     0
      37 010101111000100 |           608685 |            9554408002 |     0
      38 110011000001101 |          1000000 |           15701704020 |     0
      39 010110000111010 |          1000000 |           15701424387 |     0
      40 011100011100100 |           608685 |            9550362175 |     0
      41 001101010010011 |          1000000 |           15701412133 |     0
      42 011000110101001 |          1000000 |           15712016661 |     0
      43 010100110010100 |            55335 |             871070975 |     0
      44 011001000010101 |          1000000 |           15710028506 |     0
      45 110010000011010 |          1000000 |           15689067703 |     0
      46 010011100000011 |          1000000 |           15702470125 |     0
      47 000010101101010 |          1000000 |           15719222072 |     0
      48 011000100101001 |          1000000 |           15712016661 |     0
      49 010100110110000 |           608685 |            9555979314 |     0
      50 000001101101100 |           214489 |            3369423856 |     0
      51 011001010100010 |          1000000 |           15693296263 |     0
      52 100000100011101 |          1000000 |           15707249629 |     0
      53 001100011001010 |          1000000 |           15716158965 |     0
      54 000000111001110 |          1000000 |           15711443342 |     0
      55 010010111100000 |            19635 |             308534029 |     0
      56 010000111011000 |          1000000 |           15691610754 |     0
      57 010100000011001 |          1000000 |           15700271281 |     0
      58 000001100100101 |          1000000 |           15700935182 |     0
      59 100101000100100 |            35805 |             561440977 |     0
      60 000011100101000 |          1000000 |           15703974382 |     0
      61 101001000100000 |             1155 |              18496666 |     0
      62 000110000000101 |          1000000 |           15699588560 |     0
      63 101000000001010 |          1000000 |           15695494133 |     0
      64 000000100000010 |            18241 |             286825470 |     0

Meaning of the log file colums is as follows:
Row Number | Groupby | View Size | Measure Sums | Number of Chunks
