Verification=passed file colums is as follows:
Row Number | Groupby | View Size | Measure Sums | Number of Chunks

       1 111111110111111 |          1000000 |           15709862510 |     0
       2 101111001011111 |          1000000 |           15713190537 |     0
       3 111011011110110 |          1000000 |           15708088627 |     0
       4 110100110111011 |          1000000 |           15726683213 |     0
       5 101001110110111 |          1000000 |           15707034621 |     0
       6 101110011111010 |          1000000 |           15688215123 |     0
       7 011111010101011 |          1000000 |           15700145424 |     0
       8 010011110101111 |          1000000 |           15681831161 |     0
       9 111111101011000 |          1000000 |           15709862510 |     0
      10 101100011111011 |          1000000 |           15688215123 |     0
      11 110010110111001 |          1000000 |           15726683213 |     0
      12 101100011011110 |          1000000 |           15688215123 |     0
      13 111000100111101 |          1000000 |           15726683213 |     0
      14 110011101010110 |          1000000 |           15707034621 |     0
      15 011111101101000 |          1000000 |           15699311323 |     0
      16 010111110001011 |          1000000 |           15698400586 |     0
      17 101101110010011 |          1000000 |           15707034621 |     0
      18 111011111010000 |           608685 |            9567946706 |     0
      19 011011111100010 |          1000000 |           15694378477 |     0
      20 111011010000011 |          1000000 |           15717137001 |     0
      21 001000111101110 |          1000000 |           15695066374 |     0
      22 010111000101101 |          1000000 |           15699979740 |     0
      23 010101011100110 |          1000000 |           15698332373 |     0
      24 100110101011010 |          1000000 |           15712171642 |     0
      25 101101000110101 |          1000000 |           15707889039 |     0
      26 111001100010101 |          1000000 |           15708573191 |     0
      27 111110000100101 |          1000000 |           15698200204 |     0
      28 111111000001001 |          1000000 |           15701704020 |     0
      29 110001001010111 |          1000000 |           15692339797 |     0
      30 100011010110011 |          1000000 |           15708088627 |     0
      31 000110110100111 |          1000000 |           15710449335 |     0
      32 101010001000111 |          1000000 |           15707091109 |     0
      33 000011001001111 |          1000000 |           15702420143 |     0
      34 011001101000110 |          1000000 |           15715844334 |     0
      35 001011100001101 |          1000000 |           15697186757 |     0
      36 000100001111101 |          1000000 |           15694352968 |     0
      37 011101011010000 |           608685 |            9553604874 |     0
      38 101100100011001 |          1000000 |           15707249629 |     0
      39 110011100100100 |           608685 |            9558670213 |     0
      40 010101010011100 |          1000000 |           15712302321 |     0
      41 101010010100011 |          1000000 |           15708758689 |     0
      42 011011010100000 |            19635 |             306588045 |     0
      43 101001101010000 |           608685 |            9567946706 |     0
      44 101100000101010 |          1000000 |           15699107505 |     0
      45 000100101110100 |           202895 |            3187843064 |     0
      46 010000010011101 |          1000000 |           15703606254 |     0
      47 010011001100100 |            35805 |             563555736 |     0
      48 001100101001010 |          1000000 |           15695066374 |     0
      49 000010011101010 |          1000000 |           15697271279 |     0
      50 000100001011011 |          1000000 |           15702647765 |     0
      51 011101001100000 |             1155 |              18011355 |     0
      52 010110100000101 |          1000000 |           15702070473 |     0
      53 010010000111001 |          1000000 |           15707850742 |     0
      54 000101110100010 |          1000000 |           15712896904 |     0
      55 010000100101110 |          1000000 |           15710534349 |     0
      56 000101000100110 |          1000000 |           15713031146 |     0
      57 010001101001000 |          1000000 |           15686611660 |     0
      58 000000011001110 |          1000000 |           15693311755 |     0
      59 000000101001110 |          1000000 |           15711443342 |     0
      60 101000100001100 |          1000000 |           15708360075 |     0
      61 101000000101001 |          1000000 |           15699107505 |     0
      62 000010001011001 |          1000000 |           15706876085 |     0
      63 010001010010100 |            86955 |            1366792768 |     0
      64 000001001100001 |            11803 |             183694345 |     0

Meaning of the log file colums is as follows:
Row Number | Groupby | View Size | Measure Sums | Number of Chunks
