Verification=passed file colums is as follows:
Row Number | Groupby | View Size | Measure Sums | Number of Chunks

       1 101111111011100 |          1000000 |           15709862510 |     0
       2 111101011110101 |          1000000 |           15710067007 |     0
       3 111111101110100 |           608685 |            9567946706 |     0
       4 001111011101101 |          1000000 |           15712000533 |     0
       5 101011110110110 |          1000000 |           15707034621 |     0
       6 111100100111110 |          1000000 |           15726683213 |     0
       7 100111100011111 |          1000000 |           15709862510 |     0
       8 110110110111010 |          1000000 |           15726683213 |     0
       9 111110100010111 |          1000000 |           15705767802 |     0
      10 111110111001100 |          1000000 |           15709345298 |     0
      11 110111011011100 |          1000000 |           15692161761 |     0
      12 110111011110001 |          1000000 |           15710067007 |     0
      13 011010011111100 |          1000000 |           15713318955 |     0
      14 101010101111001 |          1000000 |           15712171642 |     0
      15 000110111111100 |          1000000 |           15724170122 |     0
      16 101010011111001 |          1000000 |           15688215123 |     0
      17 101011100110110 |          1000000 |           15707034621 |     0
      18 110111001110001 |          1000000 |           15707889039 |     0
      19 111011000001011 |          1000000 |           15701704020 |     0
      20 001101100001111 |          1000000 |           15697186757 |     0
      21 011100110101010 |          1000000 |           15712016661 |     0
      22 011101010110100 |           608685 |            9553604874 |     0
      23 111011001010001 |          1000000 |           15707889039 |     0
      24 010110101111000 |          1000000 |           15709693402 |     0
      25 110000001101110 |          1000000 |           15679095427 |     0
      26 111010110001000 |          1000000 |           15708360075 |     0
      27 000101110100110 |          1000000 |           15704307942 |     0
      28 001110110000101 |          1000000 |           15716281409 |     0
      29 101000100011011 |          1000000 |           15707249629 |     0
      30 110000101110010 |          1000000 |           15708715453 |     0
      31 010001011100101 |          1000000 |           15717503894 |     0
      32 110101100011000 |          1000000 |           15709862510 |     0
      33 010001101100011 |          1000000 |           15696169819 |     0
      34 101001100011100 |          1000000 |           15709862510 |     0
      35 001111010010010 |          1000000 |           15701412133 |     0
      36 111100011000001 |          1000000 |           15694282297 |     0
      37 100111000110001 |          1000000 |           15707889039 |     0
      38 011000100111100 |          1000000 |           15698632865 |     0
      39 011011001110000 |            35805 |             563495164 |     0
      40 000100011101001 |          1000000 |           15699715811 |     0
      41 110100001001010 |          1000000 |           15679095427 |     0
      42 010010100000111 |          1000000 |           15696988255 |     0
      43 100000110110010 |          1000000 |           15712954319 |     0
      44 110100010001100 |          1000000 |           15704132176 |     0
      45 010111000010010 |          1000000 |           15711663567 |     0
      46 010111100000001 |          1000000 |           15701702234 |     0
      47 000000001111101 |           365893 |            5745243644 |     0
      48 101111000000010 |          1000000 |           15707441839 |     0
      49 100000111101000 |          1000000 |           15709345298 |     0
      50 010001001100101 |          1000000 |           15715858493 |     0
      51 111010100000100 |            55335 |             871158078 |     0
      52 011001001000110 |          1000000 |           15711639324 |     0
      53 101101100100000 |            19635 |             310517482 |     0
      54 010101000010011 |          1000000 |           15711663567 |     0
      55 010100110000010 |          1000000 |           15702640750 |     0
      56 011010000100001 |          1000000 |           15711319604 |     0
      57 010000001110010 |          1000000 |           15708402594 |     0
      58 001110001001000 |          1000000 |           15710431083 |     0
      59 001001111000000 |            19635 |             309675241 |     0
      60 011000001000001 |          1000000 |           15704281921 |     0
      61 000100100001100 |           682465 |           10719051581 |     0
      62 001000010000010 |          1000000 |           15708602667 |     0
      63 000000110100000 |              187 |               2759670 |     0
      64 010000000010001 |           498945 |            7839369574 |     0

Meaning of the log file colums is as follows:
Row Number | Groupby | View Size | Measure Sums | Number of Chunks
