Verification=passed file colums is as follows:
Row Number | Groupby | View Size | Measure Sums | Number of Chunks

       1 111111100111111 |          1000000 |           15709862510 |     0
       2 111001111110111 |          1000000 |           15707034621 |     0
       3 111100110111110 |          1000000 |           15726683213 |     0
       4 001011111101111 |          1000000 |           15697186757 |     0
       5 100000111111111 |          1000000 |           15712171642 |     0
       6 100010111111110 |          1000000 |           15712171642 |     0
       7 011111110001110 |          1000000 |           15699311323 |     0
       8 010110111100111 |          1000000 |           15694498269 |     0
       9 111101001110101 |          1000000 |           15707889039 |     0
      10 001111111101100 |          1000000 |           15697186757 |     0
      11 111111101010010 |          1000000 |           15707034621 |     0
      12 101000111011101 |          1000000 |           15712171642 |     0
      13 110100100111011 |          1000000 |           15726683213 |     0
      14 111010110011010 |          1000000 |           15707249629 |     0
      15 110101011010101 |          1000000 |           15710067007 |     0
      16 001111001101101 |          1000000 |           15714441996 |     0
      17 101001100110111 |          1000000 |           15707034621 |     0
      18 011111000101011 |          1000000 |           15687224952 |     0
      19 110110100111010 |          1000000 |           15726683213 |     0
      20 010011100101111 |          1000000 |           15681831161 |     0
      21 100010101111110 |          1000000 |           15712171642 |     0
      22 111011011010001 |          1000000 |           15710067007 |     0
      23 100011110010110 |          1000000 |           15707034621 |     0
      24 000111011001101 |          1000000 |           15707836802 |     0
      25 111111010000001 |          1000000 |           15703600900 |     0
      26 111100001101010 |          1000000 |           15679095427 |     0
      27 011110011000101 |          1000000 |           15718417147 |     0
      28 101111001011000 |          1000000 |           15713190537 |     0
      29 001110011111000 |          1000000 |           15698157164 |     0
      30 101110011001100 |          1000000 |           15709672574 |     0
      31 100111010110001 |          1000000 |           15710067007 |     0
      32 110110100100001 |          1000000 |           15694801067 |     0
      33 001100001011110 |          1000000 |           15705141990 |     0
      34 110111010010000 |           608685 |            9552671806 |     0
      35 000000111101011 |          1000000 |           15711443342 |     0
      36 011100010111000 |          1000000 |           15716112731 |     0
      37 001001011100011 |          1000000 |           15701507232 |     0
      38 100011000110011 |          1000000 |           15692339797 |     0
      39 001101011100001 |          1000000 |           15701416751 |     0
      40 110000011110010 |          1000000 |           15689659674 |     0
      41 111010101000100 |           608685 |            9560472252 |     0
      42 100010011011001 |          1000000 |           15688215123 |     0
      43 001101010101100 |          1000000 |           15712000533 |     0
      44 110010101110000 |           608685 |            9557371235 |     0
      45 000110100100111 |          1000000 |           15710449335 |     0
      46 001001110000110 |          1000000 |           15691823513 |     0
      47 010100110001010 |          1000000 |           15709148995 |     0
      48 010001001101100 |           189255 |            2971895138 |     0
      49 001011010010001 |          1000000 |           15693086393 |     0
      50 001000111001001 |          1000000 |           15695066374 |     0
      51 101100000100011 |          1000000 |           15698499494 |     0
      52 011001001100001 |          1000000 |           15711434334 |     0
      53 100010111000001 |          1000000 |           15678750161 |     0
      54 101100101000001 |          1000000 |           15678750161 |     0
      55 010100101010100 |           608685 |            9556439014 |     0
      56 000001111010000 |             5797 |              90638605 |     0
      57 001000011001001 |          1000000 |           15716158965 |     0
      58 111010010000000 |             1785 |              28035337 |     0
      59 110000001001001 |          1000000 |           15679095427 |     0
      60 010011000010001 |          1000000 |           15710611969 |     0
      61 001001001010000 |            35805 |             563331037 |     0
      62 001100100001000 |          1000000 |           15719495886 |     0
      63 001110000001000 |           120435 |            1884653870 |     0
      64 000000000001011 |            33263 |             520003757 |     0

Meaning of the log file colums is as follows:
Row Number | Groupby | View Size | Measure Sums | Number of Chunks
